Техническое задание на сборку мозаичной картинки techDoc

Исходное изображение: C:\Users\Алексей\Desktop\попуг.bmp
Размер ячеек, мм: 10
Желаемая высота панно, см: 112
Желаемая ширина панно, см: 200
Реальная высота панно, см: 104,8
Реальная ширина панно, см: 186,6
Зазор между ячейками реальный, мм: 14
Зазор между ячейками компьютерный, пикс: 2
Зазор между матрицами компьютерный, пикс: 1
Высота матрицы, мозаик: 15
Ширина матрицы, мозаик: 10
===============================================

Каталог: Bisazza_10
1. Vetricolor/10.77(3).bmp (2110 шт.)
2. LeGemme/10.51(4)-4.bmp (257 шт.)
3. LeGemme/10.77(4)-2.bmp (255 шт.)
4. Vetricolor/10.80(3).bmp (203 шт.)
5. LeGemme/10.74(4)-4.bmp (154 шт.)
6. LeGemme/10.77(4)-1.bmp (125 шт.)
7. Vetricolor/10.65(2).bmp (100 шт.)
8. Vetricolor/10.72(2).bmp (84 шт.)
9. Vetricolor/10.81(3).bmp (54 шт.)
10. LeGemme/10.51(4)-3.bmp (45 шт.)
11. LeGemme/10.55(4)-4.bmp (31 шт.)
12. LeGemme/10.74(4)-2.bmp (26 шт.)
13. LeGemme/10.51(4)-2.bmp (25 шт.)
14. LeGemme/10.53(4)-2.bmp (22 шт.)
15. Vetricolor/10.16(2).bmp (22 шт.)
16. LeGemme/10.74(4)-3.bmp (20 шт.)
17. Vetricolor/10.60(2).bmp (18 шт.)
18. LeGemme/10.55(4)-1.bmp (17 шт.)
19. LeGemme/10.57(4)-3.bmp (15 шт.)
20. Vetricolor/10.52(2).bmp (13 шт.)
21. LeGemme/10.66(4)-3.bmp (11 шт.)
22. LeGemme/10.51(4)-1.bmp (10 шт.)
23. LeGemme/10.53(4)-4.bmp (10 шт.)
24. OROBIS/10.301_BIS-9.bmp (10 шт.)
25. Vetricolor/10.99(3).bmp (10 шт.)
26. LeGemme/10.80(4)-3.bmp (9 шт.)
27. LeGemme/10.53(4)-1.bmp (8 шт.)
28. LeGemme/10.57(4)-2.bmp (8 шт.)
29. LeGemme/10.53(4)-3.bmp (7 шт.)
30. LeGemme/10.59(4)-4.bmp (7 шт.)
31. LeGemme/10.80(4)-1.bmp (7 шт.)
32. LeGemme/10.30(4)-1.bmp (6 шт.)
33. Vetricolor/10.74(3).bmp (6 шт.)
34. LeGemme/10.66(4)-2.bmp (5 шт.)
35. LeGemme/10.80(4)-2.bmp (5 шт.)
36. Vetricolor/10.95(2).bmp (5 шт.)
37. Vetricolor/10.97(1).bmp (5 шт.)
38. LeGemme/10.59(4)-1.bmp (4 шт.)
39. OROBIS/10.306_BIS-1.bmp (4 шт.)
40. OROBIS/10.306_BIS-2.bmp (4 шт.)
41. Vetricolor/10.51(2).bmp (4 шт.)
42. LeGemme/10.02(4)-3.bmp (3 шт.)
43. LeGemme/10.02(4)-4.bmp (3 шт.)
44. LeGemme/10.30(4)-3.bmp (3 шт.)
45. LeGemme/10.66(4)-4.bmp (3 шт.)
46. LeGemme/10.95(4)-2.bmp (3 шт.)
47. OROBIS/10.306_BIS-4.bmp (3 шт.)
48. Vetricolor/10.66(1).bmp (3 шт.)
49. LeGemme/10.10(4)-1.bmp (2 шт.)
50. LeGemme/10.11(4)-4.bmp (2 шт.)
51. LeGemme/10.30(4)-2.bmp (2 шт.)
52. LeGemme/10.30(4)-4.bmp (2 шт.)
53. LeGemme/10.55(4)-2.bmp (2 шт.)
54. LeGemme/10.55(4)-3.bmp (2 шт.)
55. LeGemme/10.57(4)-1.bmp (2 шт.)
56. LeGemme/10.57(4)-4.bmp (2 шт.)
57. LeGemme/10.59(4)-2.bmp (2 шт.)
58. OROBIS/10.306_BIS-10.bmp (2 шт.)
59. Vetricolor/10.27(2).bmp (2 шт.)
60. Vetricolor/10.28(5).bmp (2 шт.)
61. Vetricolor/10.53(2).bmp (2 шт.)
62. Vetricolor/10.79(3).bmp (2 шт.)
63. Vetricolor/10.98(2).bmp (2 шт.)
64. LeGemme/10.02(4)-2.bmp (1 шт.)
65. LeGemme/10.11(4)-1.bmp (1 шт.)
66. LeGemme/10.11(4)-3.bmp (1 шт.)
67. LeGemme/10.21(4)-4.bmp (1 шт.)
68. LeGemme/10.25(4)-1.bmp (1 шт.)
69. LeGemme/10.25(4)-3.bmp (1 шт.)
70. LeGemme/10.26(4)-2.bmp (1 шт.)
71. LeGemme/10.32(4)-3.bmp (1 шт.)
72. LeGemme/10.37(4)-1.bmp (1 шт.)
73. LeGemme/10.47(4)-1.bmp (1 шт.)
74. LeGemme/10.64(4)-1.bmp (1 шт.)
75. LeGemme/10.64(4)-2.bmp (1 шт.)
76. LeGemme/10.64(4)-4.bmp (1 шт.)
77. LeGemme/10.66(4)-1.bmp (1 шт.)
78. LeGemme/10.74(4)-1.bmp (1 шт.)
79. LeGemme/10.87(4)-3.bmp (1 шт.)
80. LeGemme/10.95(4)-3.bmp (1 шт.)
81. LeGemme/10.95(4)-4.bmp (1 шт.)
82. OROBIS/10.304_BIS-1.bmp (1 шт.)
83. OROBIS/10.304_BIS-16.bmp (1 шт.)
84. OROBIS/10.304_BIS-5.bmp (1 шт.)
85. OROBIS/10.304_BIS-9.bmp (1 шт.)
86. OROBIS/10.306_BIS-3.bmp (1 шт.)
87. Vetricolor/10.04(5).bmp (1 шт.)
88. Vetricolor/10.13(1).bmp (1 шт.)
89. Vetricolor/10.54(2).bmp (1 шт.)
===============================================

Матрицы: 36 [10,15]

[0,0]
1	1	1	6	2	15	2	1	1	1	
6	2	2	2	16	2	1	1	1	1	
2	2	2	2	1	1	1	1	1	2	
3	1	1	1	1	1	1	3	2	10	
1	1	1	1	1	1	3	2	2	10	
3	1	1	1	1	2	10	12	13	10	
3	1	1	1	2	16	12	13	16	16	
1	1	3	2	16	12	12	22	10	10	
1	3	10	12	13	12	16	10	2	2	
3	22	12	13	12	22	2	3	1	1	
10	13	13	12	10	3	1	2	2	12	
12	13	12	2	2	1	1	1	13	37	
13	13	10	2	1	1	2	13	37	12	
41	22	2	3	1	3	21	21	13	2	
22	10	2	1	3	13	13	5	2	2	

[1,0]
2	2	1	2	21	13	12	22	10	2	
1	1	2	21	12	12	22	10	2	2	
1	16	45	13	16	15	2	2	2	2	
16	13	12	10	15	2	2	2	2	1	
13	12	10	10	2	2	2	2	1	1	
16	10	10	2	3	6	2	1	1	2	
2	10	2	6	3	3	3	3	2	2	
2	2	3	3	3	3	3	2	3	2	
6	3	3	3	2	6	3	3	3	2	
3	3	3	3	3	6	3	1	1	3	
1	1	3	3	3	3	3	1	1	1	
3	3	3	3	6	3	1	1	1	1	
3	3	3	3	1	3	1	1	1	1	
6	3	1	1	1	1	1	1	1	1	
3	1	1	1	1	1	1	1	1	1	

[2,0]
1	1	1	1	1	1	1	1	1	1	
1	1	1	1	1	1	1	1	1	1	
1	1	1	1	1	1	1	1	1	1	
1	1	1	1	1	1	1	1	1	1	
1	1	1	1	1	1	1	1	1	1	
1	1	1	1	1	1	1	1	1	1	
1	1	1	1	1	1	1	1	1	1	
1	3	3	1	1	1	1	1	1	1	
1	1	1	1	1	1	3	1	1	1	
1	1	1	1	1	1	3	3	1	1	
1	1	1	1	1	1	1	1	3	1	
1	1	1	1	1	1	1	1	1	1	
1	1	1	1	1	1	1	1	1	1	
14	17	3	1	1	1	1	1	1	1	
27	27	27	27	23	23	17	6	1	1	

[3,0]
61	48	48	36	27	14	14	20	20	14	
0	0	0	0	0	0	0	0	0	0	
0	0	0	0	0	0	0	0	0	0	
0	0	0	0	0	0	0	0	0	0	
0	0	0	0	0	0	0	0	0	0	
0	0	0	0	0	0	0	0	0	0	
0	0	0	0	0	0	0	0	0	0	
0	0	0	0	0	0	0	0	0	0	
0	0	0	0	0	0	0	0	0	0	
0	0	0	0	0	0	0	0	0	0	
0	0	0	0	0	0	0	0	0	0	
0	0	0	0	0	0	0	0	0	0	
0	0	0	0	0	0	0	0	0	0	
0	0	0	0	0	0	0	0	0	0	
0	0	0	0	0	0	0	0	0	0	


[0,1]
1	1	2	2	10	2	1	1	13	23	
3	2	10	16	16	2	1	1	2	2	
2	22	16	16	2	1	1	3	2	1	
16	16	16	2	1	1	3	13	16	10	
10	12	2	1	1	3	13	21	16	2	
12	2	2	1	2	21	21	10	2	2	
2	3	1	2	21	21	12	2	2	2	
2	1	2	45	13	12	2	2	2	2	
1	2	37	21	10	2	2	2	10	2	
16	37	12	2	2	2	5	4	9	9	
37	12	10	2	2	5	4	9	9	9	
13	10	2	2	5	4	9	9	9	9	
2	2	2	5	4	9	9	25	9	66	
2	2	2	5	4	9	9	25	25	88	
2	2	2	4	9	9	9	25	25	87	

[1,1]
2	2	5	4	9	9	9	25	25	60	
2	2	4	4	9	9	9	9	9	25	
1	1	4	4	4	4	9	9	9	9	
1	2	4	4	4	4	4	4	4	9	
2	2	4	4	4	4	4	4	4	4	
2	5	5	4	4	4	4	4	4	4	
2	4	5	5	5	5	5	4	4	4	
5	4	4	5	5	5	5	5	5	5	
5	4	4	5	5	5	5	2	2	4	
5	4	5	5	5	4	4	4	4	4	
5	4	5	5	5	5	5	4	4	5	
5	5	5	5	5	2	2	2	5	5	
10	5	2	5	5	5	2	2	5	5	
6	2	44	4	5	5	5	5	5	4	
3	3	19	5	4	4	4	4	4	4	

[2,1]
1	3	19	5	5	4	4	4	4	4	
1	1	19	5	5	5	4	5	4	4	
1	1	19	5	2	5	5	5	4	4	
1	1	7	2	2	2	5	5	5	5	
1	1	1	1	2	1	5	5	5	5	
1	1	1	1	1	1	5	5	5	5	
1	1	1	1	1	1	2	5	5	5	
1	1	1	1	1	1	1	2	2	5	
1	1	1	1	1	1	1	2	2	2	
1	1	1	1	1	1	1	1	1	1	
1	1	1	1	1	1	1	1	1	1	
1	1	1	1	1	1	1	1	1	1	
1	1	1	1	1	1	1	1	1	1	
1	1	1	1	3	1	1	1	1	1	
1	1	3	6	15	10	13	15	13	29	

[3,1]
14	29	78	29	23	23	14	29	29	23	
0	0	0	0	0	0	0	0	0	0	
0	0	0	0	0	0	0	0	0	0	
0	0	0	0	0	0	0	0	0	0	
0	0	0	0	0	0	0	0	0	0	
0	0	0	0	0	0	0	0	0	0	
0	0	0	0	0	0	0	0	0	0	
0	0	0	0	0	0	0	0	0	0	
0	0	0	0	0	0	0	0	0	0	
0	0	0	0	0	0	0	0	0	0	
0	0	0	0	0	0	0	0	0	0	
0	0	0	0	0	0	0	0	0	0	
0	0	0	0	0	0	0	0	0	0	
0	0	0	0	0	0	0	0	0	0	
0	0	0	0	0	0	0	0	0	0	


[0,2]
15	22	2	10	10	2	2	2	2	2	
10	10	10	10	2	2	2	2	2	10	
2	22	10	2	3	2	2	2	10	2	
10	2	2	2	2	2	2	2	2	6	
2	2	1	2	2	2	2	2	6	6	
2	1	3	2	2	2	2	3	6	2	
3	3	2	2	2	2	3	6	6	2	
2	2	2	2	2	3	6	2	2	1	
2	5	5	5	33	5	2	2	1	1	
9	9	9	9	9	9	9	4	2	3	
9	9	9	9	9	9	9	9	9	2	
9	60	9	9	4	4	4	4	4	4	
40	75	76	69	80	4	2	5	5	5	
47	89	43	71	81	5	46	39	42	1	
58	40	67	42	46	17	79	83	84	15	

[1,2]
47	42	70	74	14	23	47	85	82	14	
39	40	46	1	7	27	40	86	58	15	
65	61	1	6	7	20	64	72	39	1	
9	5	1	1	1	17	43	39	68	2	
4	4	1	1	1	1	48	43	33	4	
4	4	4	2	2	1	29	5	4	4	
4	9	4	33	5	5	2	4	4	4	
5	4	9	9	4	4	4	4	4	4	
4	4	4	4	4	4	4	4	4	4	
4	4	4	4	5	2	5	4	4	4	
5	5	5	5	5	5	5	12	34	4	
2	5	5	5	4	4	41	28	8	4	
4	5	4	4	4	4	5	30	19	45	
4	4	4	4	4	4	4	57	30	28	
4	4	4	4	4	4	4	44	38	30	

[2,2]
4	4	4	4	4	4	4	5	38	30	
4	4	4	4	4	4	5	5	30	30	
4	4	4	5	4	4	4	5	51	30	
5	4	4	4	4	4	4	4	41	38	
5	5	5	5	5	4	4	4	4	38	
5	5	5	5	5	5	4	4	4	57	
5	5	5	5	5	5	5	4	4	41	
5	5	5	5	5	5	5	5	5	1	
5	5	5	2	2	5	2	2	5	1	
2	2	5	2	2	2	1	2	5	1	
1	1	1	2	1	1	1	1	1	1	
1	1	2	17	44	73	20	7	7	19	
1	7	20	20	14	3	7	17	6	1	
10	20	17	7	2	14	17	32	23	20	
6	55	17	17	14	14	14	20	36	36	

[3,2]
36	32	7	17	29	23	27	32	36	23	
0	0	0	0	0	0	0	0	0	0	
0	0	0	0	0	0	0	0	0	0	
0	0	0	0	0	0	0	0	0	0	
0	0	0	0	0	0	0	0	0	0	
0	0	0	0	0	0	0	0	0	0	
0	0	0	0	0	0	0	0	0	0	
0	0	0	0	0	0	0	0	0	0	
0	0	0	0	0	0	0	0	0	0	
0	0	0	0	0	0	0	0	0	0	
0	0	0	0	0	0	0	0	0	0	
0	0	0	0	0	0	0	0	0	0	
0	0	0	0	0	0	0	0	0	0	
0	0	0	0	0	0	0	0	0	0	
0	0	0	0	0	0	0	0	0	0	


[0,3]
10	2	2	2	2	2	2	2	3	1	
2	2	2	2	2	2	2	3	1	1	
2	2	2	2	2	2	3	1	1	1	
2	2	2	2	3	2	3	1	1	1	
2	2	2	1	2	3	3	1	1	1	
6	3	1	2	3	3	3	3	1	1	
1	1	2	3	3	1	1	1	1	1	
1	6	3	1	1	1	1	1	1	3	
3	3	1	1	1	1	1	1	3	3	
3	1	1	1	1	1	1	3	3	6	
1	1	1	3	3	3	3	3	6	6	
1	1	3	3	3	3	3	6	6	7	
1	1	3	3	3	6	6	6	7	7	
1	1	3	3	3	6	6	7	7	7	
1	1	3	3	3	6	7	7	7	7	

[1,3]
1	1	1	3	3	6	7	7	7	7	
1	1	1	3	6	7	7	7	7	7	
1	1	1	3	8	8	8	8	7	7	
1	1	3	8	8	8	8	8	8	6	
4	1	3	8	8	8	8	8	8	6	
4	4	2	8	8	8	8	8	7	6	
4	4	4	15	8	8	8	8	6	6	
9	4	4	4	15	8	8	7	6	6	
4	4	4	4	5	6	6	6	6	6	
4	4	4	4	4	2	6	6	8	8	
4	4	4	4	4	21	6	8	8	8	
34	50	4	4	33	5	8	8	8	8	
31	34	25	4	4	5	8	8	8	8	
26	35	24	50	4	33	15	8	6	6	
26	77	24	62	4	33	15	6	6	3	

[2,3]
26	24	24	62	25	5	6	3	3	1	
54	59	24	24	24	12	1	1	1	1	
56	31	59	24	24	34	1	1	1	1	
56	18	26	26	24	49	1	1	1	1	
28	53	31	26	26	49	3	3	3	3	
28	28	31	35	26	34	2	6	3	3	
19	28	54	31	26	35	10	6	6	3	
7	19	28	18	31	35	10	6	6	3	
7	19	19	28	31	35	2	6	6	3	
7	19	1	7	19	53	3	3	3	3	
1	7	1	1	1	19	7	3	3	3	
7	7	1	1	1	7	19	3	3	3	
55	1	1	1	1	1	19	3	3	3	
20	14	1	7	1	1	7	3	3	1	
27	51	14	7	1	1	7	1	3	3	

[3,3]
32	52	52	32	7	1	3	3	6	7	
0	0	0	0	0	0	0	0	0	0	
0	0	0	0	0	0	0	0	0	0	
0	0	0	0	0	0	0	0	0	0	
0	0	0	0	0	0	0	0	0	0	
0	0	0	0	0	0	0	0	0	0	
0	0	0	0	0	0	0	0	0	0	
0	0	0	0	0	0	0	0	0	0	
0	0	0	0	0	0	0	0	0	0	
0	0	0	0	0	0	0	0	0	0	
0	0	0	0	0	0	0	0	0	0	
0	0	0	0	0	0	0	0	0	0	
0	0	0	0	0	0	0	0	0	0	
0	0	0	0	0	0	0	0	0	0	
0	0	0	0	0	0	0	0	0	0	


[0,4]
1	1	1	1	1	1	1	1	1	1	
1	1	1	1	1	1	1	1	1	1	
1	1	1	1	1	1	1	1	1	1	
1	1	1	1	1	1	1	1	1	1	
1	1	1	1	1	1	1	1	1	1	
1	1	1	1	1	1	1	1	1	1	
1	1	1	1	1	1	1	1	1	1	
3	1	1	1	1	1	1	1	1	1	
3	3	3	3	1	1	1	1	1	1	
6	6	3	3	3	3	1	1	1	1	
7	7	7	6	3	3	3	3	1	1	
7	7	7	6	6	3	3	6	3	3	
7	7	7	6	6	6	6	6	6	6	
7	7	7	6	6	6	6	7	7	7	
7	7	7	7	6	7	7	8	8	8	

[1,4]
7	7	7	7	7	8	8	8	8	8	
6	7	7	7	8	8	8	8	11	11	
6	6	7	8	8	8	8	8	11	11	
6	6	7	8	8	8	8	11	11	11	
6	6	15	8	8	8	11	11	11	11	
6	6	6	15	8	8	8	8	11	11	
6	6	6	7	7	7	15	8	8	8	
6	6	6	6	6	7	7	7	7	8	
6	6	3	3	3	3	3	3	6	7	
6	6	3	3	1	1	1	1	1	3	
8	6	3	3	1	1	1	1	1	1	
6	6	3	3	1	1	1	1	1	1	
6	6	3	1	1	3	3	3	1	1	
6	3	1	1	1	3	3	3	3	3	
3	1	1	1	1	1	3	3	3	3	

[2,4]
1	1	1	1	1	1	3	3	3	3	
1	1	1	1	1	1	1	3	3	3	
1	1	1	1	1	1	1	3	3	3	
1	1	1	1	1	1	1	3	3	3	
1	1	1	1	1	1	1	1	3	3	
3	1	1	1	1	1	1	1	1	1	
3	1	1	1	1	1	1	1	1	1	
3	1	1	1	1	1	1	1	1	1	
3	1	1	1	1	1	1	1	1	1	
3	1	1	1	1	1	1	1	1	1	
3	1	1	1	1	1	1	1	1	1	
3	1	1	1	1	1	1	1	1	1	
3	1	1	1	1	1	1	1	1	1	
1	3	6	17	17	14	14	17	3	1	
7	17	14	20	32	20	20	14	7	3	

[3,4]
2	2	17	14	14	14	17	17	7	6	
0	0	0	0	0	0	0	0	0	0	
0	0	0	0	0	0	0	0	0	0	
0	0	0	0	0	0	0	0	0	0	
0	0	0	0	0	0	0	0	0	0	
0	0	0	0	0	0	0	0	0	0	
0	0	0	0	0	0	0	0	0	0	
0	0	0	0	0	0	0	0	0	0	
0	0	0	0	0	0	0	0	0	0	
0	0	0	0	0	0	0	0	0	0	
0	0	0	0	0	0	0	0	0	0	
0	0	0	0	0	0	0	0	0	0	
0	0	0	0	0	0	0	0	0	0	
0	0	0	0	0	0	0	0	0	0	
0	0	0	0	0	0	0	0	0	0	


[0,5]
1	1	1	1	1	1	1	1	1	1	
1	1	1	1	1	1	1	1	1	1	
1	1	1	1	1	1	1	1	1	1	
1	1	1	1	1	1	1	1	1	1	
1	1	1	1	1	1	1	1	1	1	
1	1	1	1	1	1	1	1	1	1	
1	1	1	1	1	1	1	1	1	1	
1	1	1	1	1	1	1	1	1	1	
1	1	1	1	1	1	1	1	1	1	
1	1	1	1	1	1	1	1	1	1	
1	1	1	1	1	1	1	1	1	1	
3	1	1	1	1	1	1	1	1	1	
6	3	3	1	1	1	1	1	1	1	
7	6	6	6	3	1	1	1	1	1	
8	8	15	7	6	6	3	1	1	1	

[1,5]
11	11	11	11	15	15	2	6	3	1	
11	63	63	11	11	11	15	2	6	1	
18	18	18	18	11	11	15	2	3	1	
18	18	18	18	11	11	15	6	3	1	
18	18	18	18	11	11	6	3	1	1	
18	18	18	11	8	15	6	3	1	1	
11	11	11	8	8	7	3	1	1	1	
8	8	8	8	7	7	3	1	1	1	
7	7	7	7	7	3	1	1	1	1	
3	3	3	1	1	1	1	1	1	1	
1	1	1	1	1	1	1	1	1	1	
1	1	1	1	1	1	1	1	1	1	
1	1	1	1	1	1	1	1	1	1	
1	1	1	1	1	1	1	1	1	1	
1	1	1	1	1	1	1	1	1	1	

[2,5]
3	1	1	1	1	1	1	1	1	1	
3	3	1	1	1	1	1	1	1	1	
3	3	1	1	1	1	1	1	1	1	
3	1	1	1	1	1	1	1	1	1	
3	1	1	1	1	1	1	1	1	1	
1	1	1	1	1	1	1	1	1	1	
1	1	1	1	1	1	1	1	1	1	
1	1	1	1	1	1	1	1	1	1	
1	1	1	1	1	1	1	1	1	1	
1	1	1	1	1	1	1	1	1	1	
1	1	1	1	1	1	1	1	1	1	
1	1	1	1	1	1	1	1	1	1	
1	1	1	1	1	1	1	1	1	1	
1	1	1	1	1	1	1	1	1	1	
1	1	1	1	1	1	1	1	1	1	

[3,5]
1	1	1	1	1	1	1	1	1	1	
0	0	0	0	0	0	0	0	0	0	
0	0	0	0	0	0	0	0	0	0	
0	0	0	0	0	0	0	0	0	0	
0	0	0	0	0	0	0	0	0	0	
0	0	0	0	0	0	0	0	0	0	
0	0	0	0	0	0	0	0	0	0	
0	0	0	0	0	0	0	0	0	0	
0	0	0	0	0	0	0	0	0	0	
0	0	0	0	0	0	0	0	0	0	
0	0	0	0	0	0	0	0	0	0	
0	0	0	0	0	0	0	0	0	0	
0	0	0	0	0	0	0	0	0	0	
0	0	0	0	0	0	0	0	0	0	
0	0	0	0	0	0	0	0	0	0	


[0,6]
1	1	1	1	1	1	1	1	1	1	
1	1	1	1	1	1	1	1	1	1	
1	1	1	1	1	1	1	1	1	1	
1	1	1	1	1	1	1	1	1	1	
1	1	1	1	1	1	1	1	1	1	
1	1	1	1	1	1	1	1	1	1	
1	1	1	1	1	1	1	1	1	1	
1	1	1	1	1	1	1	1	1	1	
1	1	1	1	1	1	1	1	1	1	
1	1	1	1	1	1	1	1	1	1	
1	1	1	1	1	1	1	1	1	1	
1	1	1	1	1	1	1	1	1	1	
1	1	1	1	1	1	1	1	1	1	
1	1	1	1	1	1	1	1	1	1	
1	1	1	1	1	1	1	1	1	1	

[1,6]
1	1	1	1	1	1	1	1	1	1	
1	1	1	1	1	1	1	1	1	1	
1	1	1	1	1	1	1	1	1	1	
1	1	1	1	1	1	1	1	1	1	
1	1	1	1	1	1	1	1	1	1	
1	1	1	1	1	1	1	1	1	1	
1	1	1	1	1	1	1	1	1	1	
1	1	1	1	1	1	1	1	1	1	
1	1	1	1	1	1	1	1	1	1	
1	1	1	1	1	1	1	1	1	1	
1	1	1	1	1	1	1	1	1	1	
1	1	1	1	1	1	1	1	1	1	
1	1	1	1	1	1	1	1	1	1	
1	1	1	1	1	1	1	1	1	1	
1	1	1	1	1	1	1	1	1	1	

[2,6]
1	1	1	1	1	1	1	1	1	1	
1	1	1	1	1	1	1	1	1	1	
1	1	1	1	1	1	1	1	1	1	
1	1	1	1	1	1	1	1	1	1	
1	1	1	1	1	1	1	1	1	1	
1	1	1	1	1	1	1	1	1	1	
1	1	1	1	1	1	1	1	1	1	
1	1	1	1	1	1	1	1	1	1	
1	1	1	1	1	1	1	1	1	1	
1	1	1	1	1	1	1	1	1	1	
1	1	1	1	1	1	1	1	1	1	
1	1	1	1	1	1	1	1	1	1	
1	1	1	1	1	1	1	1	1	1	
1	1	1	1	1	1	1	1	1	1	
1	1	1	1	1	1	1	1	1	1	

[3,6]
1	1	1	1	1	1	1	1	1	1	
0	0	0	0	0	0	0	0	0	0	
0	0	0	0	0	0	0	0	0	0	
0	0	0	0	0	0	0	0	0	0	
0	0	0	0	0	0	0	0	0	0	
0	0	0	0	0	0	0	0	0	0	
0	0	0	0	0	0	0	0	0	0	
0	0	0	0	0	0	0	0	0	0	
0	0	0	0	0	0	0	0	0	0	
0	0	0	0	0	0	0	0	0	0	
0	0	0	0	0	0	0	0	0	0	
0	0	0	0	0	0	0	0	0	0	
0	0	0	0	0	0	0	0	0	0	
0	0	0	0	0	0	0	0	0	0	
0	0	0	0	0	0	0	0	0	0	


[0,7]
1	1	1	1	1	1	1	1	1	1	
1	1	1	1	1	1	1	1	1	1	
1	1	1	1	1	1	1	1	1	1	
1	1	1	1	1	1	1	1	1	1	
1	1	1	1	1	1	1	1	1	1	
1	1	1	1	1	1	1	1	1	1	
1	1	1	1	1	1	1	1	1	1	
1	1	1	1	1	1	1	1	1	1	
1	1	1	1	1	1	1	1	1	1	
1	1	1	1	1	1	1	1	1	1	
1	1	1	1	1	1	1	1	1	1	
1	1	1	1	1	1	1	1	1	1	
1	1	1	1	1	1	1	1	1	1	
1	1	1	1	1	1	1	1	1	1	
1	1	1	1	1	1	1	1	1	1	

[1,7]
1	1	1	1	1	1	1	1	1	1	
1	1	1	1	1	1	1	1	1	1	
1	1	1	1	1	1	1	1	1	1	
1	1	1	1	1	1	1	1	1	1	
1	1	1	1	1	1	1	1	1	1	
1	1	1	1	1	1	1	1	1	1	
1	1	1	1	1	1	1	1	1	1	
1	1	1	1	1	1	1	1	1	1	
1	1	1	1	1	1	1	1	1	1	
1	1	1	1	1	1	1	1	1	1	
1	1	1	1	1	1	1	1	1	1	
1	1	1	1	1	1	1	1	1	1	
1	1	1	1	1	1	1	1	1	1	
1	1	1	1	1	1	1	1	1	1	
1	1	1	1	1	1	1	1	1	1	

[2,7]
1	1	1	1	1	1	1	1	1	1	
1	1	1	1	1	1	1	1	1	1	
1	1	1	1	1	1	1	1	1	1	
1	1	1	1	1	1	1	1	1	1	
1	1	1	1	1	1	1	1	1	1	
1	1	1	1	1	1	1	1	1	1	
1	1	1	1	1	1	1	1	1	1	
1	1	1	1	1	1	1	1	1	1	
1	1	1	1	1	1	1	1	1	1	
1	1	1	1	1	1	1	1	1	1	
1	1	1	1	1	1	1	1	1	1	
1	1	1	1	1	1	1	1	1	1	
1	1	1	1	1	1	1	1	1	1	
1	1	1	1	1	1	1	1	1	1	
1	1	1	1	1	1	1	1	1	1	

[3,7]
1	1	1	1	1	1	1	1	1	1	
0	0	0	0	0	0	0	0	0	0	
0	0	0	0	0	0	0	0	0	0	
0	0	0	0	0	0	0	0	0	0	
0	0	0	0	0	0	0	0	0	0	
0	0	0	0	0	0	0	0	0	0	
0	0	0	0	0	0	0	0	0	0	
0	0	0	0	0	0	0	0	0	0	
0	0	0	0	0	0	0	0	0	0	
0	0	0	0	0	0	0	0	0	0	
0	0	0	0	0	0	0	0	0	0	
0	0	0	0	0	0	0	0	0	0	
0	0	0	0	0	0	0	0	0	0	
0	0	0	0	0	0	0	0	0	0	
0	0	0	0	0	0	0	0	0	0	


[0,8]
1	3	7	0	0	0	0	0	0	0	
1	1	3	0	0	0	0	0	0	0	
1	1	1	0	0	0	0	0	0	0	
1	1	1	0	0	0	0	0	0	0	
1	1	1	0	0	0	0	0	0	0	
1	1	1	0	0	0	0	0	0	0	
1	1	1	0	0	0	0	0	0	0	
1	1	1	0	0	0	0	0	0	0	
1	1	1	0	0	0	0	0	0	0	
1	1	1	0	0	0	0	0	0	0	
1	1	1	0	0	0	0	0	0	0	
1	1	1	0	0	0	0	0	0	0	
1	1	1	0	0	0	0	0	0	0	
1	1	1	0	0	0	0	0	0	0	
1	1	1	0	0	0	0	0	0	0	

[1,8]
1	1	1	0	0	0	0	0	0	0	
1	1	1	0	0	0	0	0	0	0	
1	1	1	0	0	0	0	0	0	0	
1	1	1	0	0	0	0	0	0	0	
1	1	1	0	0	0	0	0	0	0	
1	1	1	0	0	0	0	0	0	0	
1	1	1	0	0	0	0	0	0	0	
1	1	1	0	0	0	0	0	0	0	
1	1	1	0	0	0	0	0	0	0	
1	1	1	0	0	0	0	0	0	0	
1	1	1	0	0	0	0	0	0	0	
1	1	1	0	0	0	0	0	0	0	
1	1	1	0	0	0	0	0	0	0	
1	1	1	0	0	0	0	0	0	0	
1	1	1	0	0	0	0	0	0	0	

[2,8]
1	1	1	0	0	0	0	0	0	0	
1	1	1	0	0	0	0	0	0	0	
1	1	1	0	0	0	0	0	0	0	
1	1	1	0	0	0	0	0	0	0	
1	1	1	0	0	0	0	0	0	0	
1	1	1	0	0	0	0	0	0	0	
1	1	1	0	0	0	0	0	0	0	
1	1	1	0	0	0	0	0	0	0	
1	1	1	0	0	0	0	0	0	0	
1	1	1	0	0	0	0	0	0	0	
1	1	1	0	0	0	0	0	0	0	
1	1	1	0	0	0	0	0	0	0	
1	1	1	0	0	0	0	0	0	0	
1	1	1	0	0	0	0	0	0	0	
1	1	1	0	0	0	0	0	0	0	

[3,8]
1	1	1	0	0	0	0	0	0	0	
0	0	0	0	0	0	0	0	0	0	
0	0	0	0	0	0	0	0	0	0	
0	0	0	0	0	0	0	0	0	0	
0	0	0	0	0	0	0	0	0	0	
0	0	0	0	0	0	0	0	0	0	
0	0	0	0	0	0	0	0	0	0	
0	0	0	0	0	0	0	0	0	0	
0	0	0	0	0	0	0	0	0	0	
0	0	0	0	0	0	0	0	0	0	
0	0	0	0	0	0	0	0	0	0	
0	0	0	0	0	0	0	0	0	0	
0	0	0	0	0	0	0	0	0	0	
0	0	0	0	0	0	0	0	0	0	
0	0	0	0	0	0	0	0	0	0	


